20
0 11.15 16.31
1 12.05 8.31
2 30.46 40
3 39.89 30.59
4 28.32 4.54
5 40 39.66
6 21.96 39.89
7 14 29.75
8 27.36 13.56
9 13.13 40
10 4.54 16.01
11 17.44 12.51
12 26.92 21.77
13 40 21.98
14 4.65 4.54
15 39.89 13.14
16 4.54 39.89
17 40 4.54
18 27.84 30.77
19 4.54 27.76
24
14 1 8.5 100
19 0 13.5 20
0 1 8.5 60
2 7 19.5 10
10 19 12 80
18 11 21.5 50
7 6 13 80
4 8 9.5 40
15 8 13 30
12 1 20.5 90
11 7 18 60
16 9 9 100
7 9 10.5 30
11 12 13.5 100
0 11 7.5 100
1 4 17 100
2 18 10 50
3 13 9 10
17 15 9 60
3 18 12.5 50
2 5 10 90
13 15 9 20
13 12 13.5 40
3 5 9.5 50
